0.2

!	0.3
----
0.0	1.0
0.3	1.0
0.15	0.2
0.15	0.1
0.05	0.0
0.25	0.0
0.15	-0.1
----
0 1
1 2
2 0
3 4
4 6
5 6
5 3
----

"	0.3
----
0.0	1.0
0.1	1.0
0.1	0.95
0.05	0.8
0.0	0.95
0.2	1.0
0.3	1.0
0.3	0.95
0.25	0.8
0.2	0.95
----	
0 1
1 2
2 3
3 4
4 0
5 6
6 7
7 8
8 9
9 5
----

#	0.8
----
0.0	0.7
0.8	0.7
0.0	0.3
0.8	0.3
0.2	0.0
0.3	1.0
0.5	0.0
0.6	1.0
----
0 1
2 3
4 5
6 7
----


$	0.6
----
0.6	0.65
0.6	0.8
0.0	0.8
0.0	0.2
0.6	0.2
0.6	0.0
0.0	0.0
0.0	0.15
0.2	-0.3
0.2	1.0
0.4	-0.3
0.4	1.0
----
0 1
1 2
2 3
3 4
4 5
5 6
6 7
8 9
10 11
----
	
%	0.8
----
0.0	0.0
0.8	1.0
0.0	0.85
0.15	1.0
0.3	0.85
0.15	0.7
0.5	0.15
0.65	0.3
0.8	0.15
0.65	0.0
----
0 1
2 3
3 4
4 5
5 2
6 7
7 8
8 9
9 6
----

&	0.6
----
0.6	0.3
0.2	0.0
0.0	0.0
0.0	0.3
0.3	0.5
0.3	1.0
0.0	1.0
0.0	0.5
0.6	0.0
----
0 1
1 2
2 3
3 4
4 5
5 6
6 7
7 8
----

'	0.1
----
0.0	1.0
0.1	1.0
0.1	0.95
0.05	0.8
0.0	0.95
----
0 1
1 2
2 3
3 4
4 0

(	0.2
----
0.2	1.0
0.0	0.6
0.0	0.2
0.2	-0.2
----
0 1
1 2
2 3
----


)	0.2
----
0.0	1.0
0.2	0.6
0.2	0.2
0.0	-0.2
----
0 1
1 2
2 3
----

*	0.3
----
0.15	0.85
0.15	1.0
0.01	0.88
0.29	0.88
0.09	0.73
0.21	0.72
----
0 1
0 2
0 3
0 4
0 5
----

+	0.6
----
0.0	0.3
0.6	0.3
0.3	0.0
0.3	0.6
----
0 1
2 3
----

,	0.1
----
0.1	0.0
0.0	0.0
0.0	0.1
0.1	0.1
0.0	-0.1
----
0 1
1 2
2 3
3 0
0 4
----

-	0.6
----
0.1	0.3
0.5	0.3
----
0 1
----

.	0.1
----
0.1	0.0
0.0	0.0
0.0	0.1
0.1	0.1
----
0 1
1 2
2 3
3 0
----

/	0.2
----
0.0	-0.1
0.2	1.0
----
0 1
----

0	0.6
----
0.0	0.0
0.0	1.0
0.6	1.0
0.6	0.0
----
0 1
1 2
2 3
3 0
0 2
----

1	0.2
----
0.0	0.9
0.1	1.0
0.1	0.0
----
0 1
1 2
----

2	0.6
----
0.0	0.7
0.0	1.0
0.6	1.0
0.6	0.7
0.0	0.0
0.6	0.0
----
0 1
1 2
2 3
3 4
4 5
----

3	0.6
----
0.0	1.0
0.6	1.0
0.0	0.7
0.6	0.7
0.6	0.0
0.0	0.0
0.0	0.3
----
0 1
1 2
2 3
3 4
4 5
5 6
----

4	0.6
----
0.0	1.0
0.0	0.3
0.6	0.3
0.4	1.0
0.4	0.0
----
0 1
1 2
3 4
----

5	0.6
----
0.6	1.0
0.0	1.0
0.0	0.7
0.6	0.7
0.6	0.0
0.0	0.0
0.0	0.3
----
0 1
1 2
2 3
3 4
4 5
5 6
----

6	0.6
----
0.0	0.3
0.6	0.3
0.6	0.0
0.0	0.0
0.6	1.0
----
0 1
1 2
2 3
3 0
0 4
----

7	0.6
----
0.0	1.0
0.6	1.0
0.0	0.0
----
0 1
1 2
----

8	0.6
----
0.0	1.0
0.6	1.0
0.6	0.0
0.0	0.0
0.0	0.7
0.6	0.7
----
0 1
1 2
2 3
3 0
4 5
----

9	0.6
----
0.6	0.7
0.0	0.7
0.0	1.0
0.6	1.0
0.0	0.0
----
0 1
1 2
2 3
3 0
0 4
----

:	0.1
----
0.0	0.9
0.1	0.9
0.1	0.8
0.0	0.8
0.0	0.2
0.1	0.2
0.1	0.1
0.0	0.1
----
0 1
1 2
2 3
3 0
4 5
5 6
6 7
7 4
----

;	0.1
----
0.0	0.9
0.1	0.9
0.1	0.8
0.0	0.8
0.0	0.2
0.1	0.2
0.1	0.1
0.0	-0.1
----
0 1
1 2
2 3
3 0
4 5
5 6
6 7
7 4
----

<	0.6
----
0.6	0.8
0.0	0.5
0.6	0.2
----
0 1
1 2
----

=	0.6
----
0.0	0.7
0.6	0.7
0.0	0.3
0.6	0.3
----
0 1
2 3
----

>	0.6
----
0.0	0.8
0.6	0.5
0.0	0.2
----
0 1
1 2
----

?	0.6
----
0.0	0.8
0.0	1.0
0.6	1.0
0.6	0.7
0.3	0.7
0.3	0.3
0.3	0.1
0.3	0.0
----
0 1
1 2
2 3
3 4
4 5
6 7
----

@	0.8
----
0.6	0.2
0.4	0.0
0.15	0.0
0.15	0.7
0.6	0.7
0.8	0.0
0.8	1.0
0.0	1.0
0.0	-0.1
0.8	-0.1
----
0 1
1 2
2 3
3 4
4 0
0 5
5 6
6 7
7 8
8 9
----

A	0.8
----
0.0	0.0
0.12	0.3
0.4	1.0
0.68	0.3
0.8	0.0
----
0 2
2 4
1 3
----

B	0.6
----
0.0	0.0
0.0	1.0
0.4	1.0
0.4	0.5
0.6	0.5
0.6	0.0
0.0	0.5
----
0 1
1 2
2 3
6 4
4 5
5 0
----

C	0.6
----
0.6	0.7
0.6	1.0
0.0	1.0
0.0	0.0
0.6	0.0
0.6	0.3
----
0 1
1 2
2 3
3 4
4 5

D	0.6
----
0.0	0.0
0.0	1.0
0.4	1.0
0.6	0.7
0.6	0.0
----
0 1
1 2
2 3
3 4
4 0

E	0.6
----
0.0	0.0
0.0	0.3
0.0	1.0
0.6	0.0
0.4	0.3
0.6	1.0
----
0 2
0 3
1 4
2 5

F	0.6
----
0.0	0.0
0.0	0.3
0.0	1.0
0.4	0.3
0.6	1.0
----
0 2
1 3
2 4

G	0.6
----
0.6	0.7
0.6	1.0
0.0	1.0
0.0	0.0
0.6	0.0
0.6	0.3
0.4	0.3
----
0 1
1 2
2 3
3 4
4 5
5 6

H	0.6
----
0.0	0.0
0.0	1.0
0.6	0.0
0.6	1.0
0.0	0.3
0.6	0.3
----
0 1
2 3
4 5

I	0.3
----
0.0	0.0
0.3	0.0
0.15	0.0
0.15	1.0
0.0	1.0
0.3	1.0
----
0 1
2 3
4 5

J	0.6
----
0.0	1.0
0.6	1.0
0.4	1.0
0.4	0.0
0.0	0.0
0.0	0.2
----
0 1
2 3
3 4
4 5

K	0.6
----
0.0	0.0
0.0	1.0
0.0	0.6
0.6	1.0
0.6	0.0
----
0 1
2 3
2 4


L	0.3
----
0.0	0.0
0.0	1.0
0.3	0.0
----
0 1
0 2

M	0.8
----
0.0	0.0
0.0	1.0
0.4	0.2
0.8	1.0
0.8	0.0
---
0 1
1 2
2 3
3 4

N	0.6
----
0.0	0.0
0.0	1.0
0.6	0.0
0.6	1.0
----
0 1
1 2
2 3

O	0.6
----
0.0	0.0
0.0	1.0
0.6	1.0
0.6	0.0
----
0 1
1 2
2 3
3 0

P	0.6
----
0.0	0.0
0.0	1.0
0.6	1.0
0.6	0.3
0.0	0.3
----
0 1
1 2
2 3
3 4

Q	0.6
----
0.0	0.0
0.0	1.0
0.6	1.0
0.6	0.0
0.5	0.1
0.6	-0.1
----
0 1
1 2
2 3
3 0
4 5

R	0.6
----
0.0	0.0
0.0	1.0
0.6	1.0
0.6	0.3
0.0	0.3
0.5	0.3
0.6	0.0
----
0 1
1 2
2 3
3 4
5 6

S	0.6
----
0.6	0.85
0.6	1.0
0.0	1.0
0.0	0.7
0.6	0.7
0.6	0.0
0.0	0.0
0.0	0.15
----
0 1
1 2
2 3
3 4
4 5
5 6
6 7

T	0.6
----
0.0	1.0
0.6	1.0
0.3	1.0
0.3	0.0
----
0 1
2 3

U	0.6
----
0.0	1.0
0.0	0.0
0.6	0.0
0.6	1.0
----
0 1
1 2
2 3

V	0.6
----
0.0	1.0
0.3	0.0
0.6	1.0
----
0 1
1 2

W	0.8
----
0.0	1.0
0.2	0.0
0.4	0.7
0.6	0.0
0.8	1.0
----
0 1
1 2
2 3
3 4

X	0.6
----
0.0	0.0
0.6	1.0
0.0	1.0
0.6	0.0
----
0 1
2 3

Y	0.6
----
0.3	0.0
0.3	0.3
0.0	1.0
0.6	1.0
----
0 1
1 2
1 3

Z	0.6
----
0.0	1.0
0.6	1.0
0.0	0.0
0.6	0.0
----
0 1
1 2
2 3

a	0.6
----
0.6	0.0
0.6	0.7
0.0	0.7
0.0	0.0
0.4	0.0
0.6	0.2
----
0 1
1 2
2 3
3 4
4 5

b	0.6
----
0.0	0.7
0.6	0.7
0.6	0.0
0.0	0.0
0.0	1.0
----
0 1
1 2
2 3 
3 4

c	0.6
----
0.6	0.5
0.6	0.7
0.0	0.7
0.0	0.0
0.6	0.0
0.6	0.1
----
0 1
1 2
2 3
3 4
4 5

d	0.6
----
0.6	0.7
0.0	0.7
0.0	0.0
0.6	0.0
0.6	1.0
----
0 1
1 2
2 3 
3 4

e	0.6
----
0.0	0.2
0.6	0.2
0.6	0.7
0.0	0.7
0.0	0.0
0.6	0.0
----
0 1
1 2
2 3
3 4
4 5

f	0.3
----
0.15	0.0
0.15	1.0
0.3	1.0
0.0	0.3
0.3	0.3
----
0 1
1 2
3 4

g	0.6
----
0.0	-0.3
0.6	-0.3
0.6	0.7
0.0	0.7
0.0	0.0
0.6	0.0
----
0 1
1 2
2 3
3 4
4 5

h	0.6
----
0.0	0.0
0.0	1.0
0.0	0.3
0.6	0.3
0.6	0.0
----
0 1
2 3
3 4

i	0.1
----
0.0	0.0
0.0	0.7
0.0	0.8
0.0	0.85
----
0 1
2 3

j	0.2
----
0.0	-0.3
0.2	-0.3
0.2	0.7
0.2	0.8
0.2	0.85
----
0 1
1 2
3 4

k	0.6
----
0.0	0.0
0.0	1.0
0.0	0.3
0.6	0.0
0.6	0.7
----
0 1
2 3
2 4

l	0.1
----
0.0	0.0
0.0	1.0
----
0 1

m	0.8
----
0.0	0.0
0.0	0.7
0.3	0.7
0.4	0.6
0.4	0.0
0.4	0.7
0.7	0.7
0.8	0.6
0.8	0.0
----
0 1
1 2
2 3
4 5
5 6
6 7
7 8

n	0.6
----
0.0	0.0
0.0	0.7
0.5	0.7
0.6	0.6
0.6	0.0
----
0 1
1 2
2 3
3 4

o	0.6
----
0.0	0.0
0.0	0.7
0.6	0.7
0.6	0.0
----
0 1
1 2
2 3
3 0

p	0.6
----
0.0	-0.3
0.0	0.7
0.6	0.7
0.6	0.0
0.0	0.0
----
0 1
1 2
2 3
3 4

q	0.6
----
0.6	-0.3
0.6	0.7
0.0	0.7
0.0	0.0
0.6	0.0
----
0 1
1 2
2 3
3 4

r	0.4
----
0.0	0.0
0.0	0.7
0.0	0.6
0.1	0.7
0.4	0.7
----
0 1
2 3
3 4

s	0.6
----
0.6	0.6
0.6	0.7
0.0	0.7
0.0	0.4
0.6	0.4
0.6	0.0
0.0	0.0
0.0	0.1
----
0 1
1 2
2 3
3 4
4 5
5 6
6 7

t	0.3
----
0.15	0.0
0.15	1.0
0.0	0.3
0.3	0.3
----
0 1
2 3

u	0.6
----
0.0	0.7
0.0	0.0
0.5	0.0
0.6	0.1
0.6	0.7
----
0 1
1 2
2 3
3 4

v	0.6
----
0.0	0.7
0.3	0.0
0.6	0.7
----
0 1
1 2

w	0.8
----
0.0	0.7
0.2	0.0
0.4	0.7
0.6	0.0
0.8	0.7
----
0 1
1 2
2 3
3 4

x	0.6
----
0.0	0.0
0.6	0.7
0.0	0.7
0.6	0.0
----
0 1
2 3

y	0.6
----
0.0	0.7
0.3	0.2
0.6	0.7
0.0	-0.3
----
0 1
2 3

z	0.6
----
0.0	0.7
0.6	0.7
0.0	0.0
0.6	0.0
----
0 1
1 2
2 3
